Ίναχε [10, 50, 1, 600, 5]
Βρετάνης [2, 100, 5, 300, 1, 50, 8, 200]
Γουλανδρή [3, 70, 400, 30, 1, 50, 4, 100, 8]
Δημαρέτης [4, 8, 40, 1, 100, 5, 300, 8, 200]
Θεοδότης [9, 5, 70, 4, 70, 300, 8, 200]
Ιαπετός [10, 1, 80, 5, 300, 70, 200]
Κεραύνιοι [20, 5, 100, 1, 400, 50, 10, 70, 10]
Κοζανίτης [20, 70, 7, 1, 50, 10, 300, 8, 200]
Κρητικής [20, 100, 8, 300, 10, 20, 8, 200]
Κυπριανέ [20, 400, 80, 100, 10, 1, 50, 5]
Λετονίας [30, 5, 300, 70, 50, 10, 1, 200]
Λοτρεαμόν [30, 70, 300, 100, 5, 1, 40, 70, 50]
Μελιταίος [40, 5, 30, 10, 300, 1, 10, 70, 200]
Μπασμέτ [40, 80, 1, 200, 40, 5, 300]
Πολυμήλη [80, 70, 30, 400, 40, 8, 30, 8]
Πρετόρια [80, 100, 5, 300, 70, 100, 10, 1]
Στάινερ [200, 300, 1, 10, 50, 5, 100]
Συήνη [200, 400, 8, 50, 8]
Ταϊλανδός [300, 1, 10, 30, 1, 50, 4, 70, 200]
Χάινε [600, 1, 10, 50, 5]
Χαλκίδα [600, 1, 30, 20, 10, 4, 1]
άπειρου [1, 80, 5, 10, 100, 70, 400]
άπιοτες [1, 80, 10, 70, 300, 5, 200]
άρμενου [1, 100, 40, 5, 50, 70, 400]
άστρινε [1, 200, 300, 100, 10, 50, 5]
έβηχαν [5, 2, 8, 600, 1, 50]
έξυσα [5, 60, 400, 200, 1]
έτρισαν [5, 300, 100, 10, 200, 1, 50]
αγγελοσκιάζεται [1, 3, 3, 5, 30, 70, 200, 20, 10, 1, 7, 5, 300, 1, 10]
αγνοηθούνε [1, 3, 50, 70, 8, 9, 70, 400, 50, 5]
αγόμασταν [1, 3, 70, 40, 1, 200, 300, 1, 50]
αδείπνητης [1, 4, 5, 10, 80, 50, 8, 300, 8, 200]
αεριοποιείτε [1, 5, 100, 10, 70, 80, 70, 10, 5, 10, 300, 5]
αθετηθήκατε [1, 9, 5, 300, 8, 9, 8, 20, 1, 300, 5]
ακονιστεί [1, 20, 70, 50, 10, 200, 300, 5, 10]
ακοντίσει [1, 20, 70, 50, 300, 10, 200, 5, 10]
ακορντεόν [1, 20, 70, 100, 50, 300, 5, 70, 50]
ακούμπαγαν [1, 20, 70, 400, 40, 80, 1, 3, 1, 50]
ακριτικές [1, 20, 100, 10, 300, 10, 20, 5, 200]
ακρότερο [1, 20, 100, 70, 300, 5, 100, 70]
αλέθοντας [1, 30, 5, 9, 70, 50, 300, 1, 200]
αλατοποιημένα [1, 30, 1, 300, 70, 80, 70, 10, 8, 40, 5, 50, 1]
αλείφον [1, 30, 5, 10, 500, 70, 50]
αληθέστερη [1, 30, 8, 9, 5, 200, 300, 5, 100, 8]
αλληλοβοηθητικό [1, 30, 30, 8, 30, 70, 2, 70, 8, 9, 8, 300, 10, 20, 70]
αμαθέστερε [1, 40, 1, 9, 5, 200, 300, 5, 100, 5]
αμετάθετε [1, 40, 5, 300, 1, 9, 5, 300, 5]
ανάδευες [1, 50, 1, 4, 5, 400, 5, 200]
ανέλξουν [1, 50, 5, 30, 60, 70, 400, 50]
ανέφερε [1, 50, 5, 500, 5, 100, 5]
αναβαθμίσαντα [1, 50, 1, 2, 1, 9, 40, 10, 200, 1, 50, 300, 1]
αναλαβαίνουν [1, 50, 1, 30, 1, 2, 1, 10, 50, 70, 400, 50]
αναμασημένος [1, 50, 1, 40, 1, 200, 8, 40, 5, 50, 70, 200]
αναπλασμένης [1, 50, 1, 80, 30, 1, 200, 40, 5, 50, 8, 200]
αναστέναζαν [1, 50, 1, 200, 300, 5, 50, 1, 7, 1, 50]
αναστήνανε [1, 50, 1, 200, 300, 8, 50, 1, 50, 5]
ανασταλθήκαμε [1, 50, 1, 200, 300, 1, 30, 9, 8, 20, 1, 40, 5]
ανατάραζες [1, 50, 1, 300, 1, 100, 1, 7, 5, 200]
ανατέμνεσθε [1, 50, 1, 300, 5, 40, 50, 5, 200, 9, 5]
ανελισσόμενε [1, 50, 5, 30, 10, 200, 200, 70, 40, 5, 50, 5]
ανεφέρε [1, 50, 5, 500, 5, 100, 5]
ανισοπληθής [1, 50, 10, 200, 70, 80, 30, 8, 9, 8, 200]
αντέδρασε [1, 50, 300, 5, 4, 100, 1, 200, 5]
αντέτι [1, 50, 300, 5, 300, 10]
αντιδράς [1, 50, 300, 10, 4, 100, 1, 200]
αντιπαθείς [1, 50, 300, 10, 80, 1, 9, 5, 10, 200]
αντιπαραβληθήκαμε [1, 50, 300, 10, 80, 1, 100, 1, 2, 30, 8, 9, 8, 20, 1, 40, 5]
αξίδιαστοι [1, 60, 10, 4, 10, 1, 200, 300, 70, 10]
απίεστο [1, 80, 10, 5, 200, 300, 70]
απαλλαγούν [1, 80, 1, 30, 30, 1, 3, 70, 400, 50]
απανθιστεί [1, 80, 1, 50, 9, 10, 200, 300, 5, 10]
απαυγαζομένη [1, 80, 1, 400, 3, 1, 7, 70, 40, 5, 50, 8]
απείρου [1, 80, 5, 10, 100, 70, 400]
αποβιβασμένες [1, 80, 70, 2, 10, 2, 1, 200, 40, 5, 50, 5, 200]
αποθυμιέμαι [1, 80, 70, 9, 400, 40, 10, 5, 40, 1, 10]
αποκαϊδιού [1, 80, 70, 20, 1, 10, 4, 10, 70, 400]
αποκοιμισμένο [1, 80, 70, 20, 70, 10, 40, 10, 200, 40, 5, 50, 70]
αποκομισμένοι [1, 80, 70, 20, 70, 40, 10, 200, 40, 5, 50, 70, 10]
απολαβαινόταν [1, 80, 70, 30, 1, 2, 1, 10, 50, 70, 300, 1, 50]
αποπέμπετε [1, 80, 70, 80, 5, 40, 80, 5, 300, 5]
απορρέετε [1, 80, 70, 100, 100, 5, 5, 300, 5]
αποσπερνοί [1, 80, 70, 200, 80, 5, 100, 50, 70, 10]
αποστεί [1, 80, 70, 200, 300, 5, 10]
αποφάγια [1, 80, 70, 500, 1, 3, 10, 1]
απόδρασις [1, 80, 70, 4, 100, 1, 200, 10, 200]
απότισε [1, 80, 70, 300, 10, 200, 5]
ατενισμένε [1, 300, 5, 50, 10, 200, 40, 5, 50, 5]
ατομισμέ [1, 300, 70, 40, 10, 200, 40, 5]
ατοξικές [1, 300, 70, 60, 10, 20, 5, 200]
ατοπίες [1, 300, 70, 80, 10, 5, 200]
αυλικές [1, 400, 30, 10, 20, 5, 200]
αχινέ [1, 600, 10, 50, 5]
βήχανε [2, 8, 600, 1, 50, 5]
βαμβακόσποροι [2, 1, 40, 2, 1, 20, 70, 200, 80, 70, 100, 70, 10]
βαρελιάζεστε [2, 1, 100, 5, 30, 10, 1, 7, 5, 200, 300, 5]
βασανίσασα [2, 1, 200, 1, 50, 10, 200, 1, 200, 1]
βελάζοντας [2, 5, 30, 1, 7, 70, 50, 300, 1, 200]
βοηθηθέντες [2, 70, 8, 9, 8, 9, 5, 50, 300, 5, 200]
βοτανολόγο [2, 70, 300, 1, 50, 70, 30, 70, 3, 70]
γενικευόμενη [3, 5, 50, 10, 20, 5, 400, 70, 40, 5, 50, 8]
γενικότης [3, 5, 50, 10, 20, 70, 300, 8, 200]
γιομίστηκε [3, 10, 70, 40, 10, 200, 300, 8, 20, 5]
γρασάρισαν [3, 100, 1, 200, 1, 100, 10, 200, 1, 50]
γυαλάκιας [3, 400, 1, 30, 1, 20, 10, 1, 200]
γυαλίζεις [3, 400, 1, 30, 10, 7, 5, 10, 200]
δίδυμης [4, 10, 4, 400, 40, 8, 200]
δασκάλευε [4, 1, 200, 20, 1, 30, 5, 400, 5]
δειγματολόγιον [4, 5, 10, 3, 40, 1, 300, 70, 30, 70, 3, 10, 70, 50]
δειλιάσασες [4, 5, 10, 30, 10, 1, 200, 1, 200, 5, 200]
δημιουργικά [4, 8, 40, 10, 70, 400, 100, 3, 10, 20, 1]
δημοσιοποιημένα [4, 8, 40, 70, 200, 10, 70, 80, 70, 10, 8, 40, 5, 50, 1]
διάνυσα [4, 10, 1, 50, 400, 200, 1]
διαγουμίζομαι [4, 10, 1, 3, 70, 400, 40, 10, 7, 70, 40, 1, 10]
διαδέχθηκε [4, 10, 1, 4, 5, 600, 9, 8, 20, 5]
διακρίνονταν [4, 10, 1, 20, 100, 10, 50, 70, 50, 300, 1, 50]
διαλανθάνεστε [4, 10, 1, 30, 1, 50, 9, 1, 50, 5, 200, 300, 5]
διαλογιστική [4, 10, 1, 30, 70, 3, 10, 200, 300, 10, 20, 8]
διασαλεύει [4, 10, 1, 200, 1, 30, 5, 400, 5, 10]
διασποράς [4, 10, 1, 200, 80, 70, 100, 1, 200]
διαφέραμε [4, 10, 1, 500, 5, 100, 1, 40, 5]
διαχέαμε [4, 10, 1, 600, 5, 1, 40, 5]
διεξοδικότερη [4, 10, 5, 60, 70, 4, 10, 20, 70, 300, 5, 100, 8]
διηθούμενο [4, 10, 8, 9, 70, 400, 40, 5, 50, 70]
διθυραμβικό [4, 10, 9, 400, 100, 1, 40, 2, 10, 20, 70]
διύλιζες [4, 10, 400, 30, 10, 7, 5, 200]
δοξαστικά [4, 70, 60, 1, 200, 300, 10, 20, 1]
δρασκελάτε [4, 100, 1, 200, 20, 5, 30, 1, 300, 5]
δρασκελισμένα [4, 100, 1, 200, 20, 5, 30, 10, 200, 40, 5, 50, 1]
δύνασαι [4, 400, 50, 1, 200, 1, 10]
είσπραξις [5, 10, 200, 80, 100, 1, 60, 10, 200]
είχαν [5, 10, 600, 1, 50]
εβενουργικά [5, 2, 5, 50, 70, 400, 100, 3, 10, 20, 1]
εγκλημάτησαν [5, 3, 20, 30, 8, 40, 1, 300, 8, 200, 1, 50]
εγκλητικός [5, 3, 20, 30, 8, 300, 10, 20, 70, 200]
εικονίτσα [5, 10, 20, 70, 50, 10, 300, 200, 1]
ειρηνεύθηκαν [5, 10, 100, 8, 50, 5, 400, 9, 8, 20, 1, 50]
εισέπραξες [5, 10, 200, 5, 80, 100, 1, 60, 5, 200]
εισπνέεται [5, 10, 200, 80, 50, 5, 5, 300, 1, 10]
εκβιάζοντας [5, 20, 2, 10, 1, 7, 70, 50, 300, 1, 200]
εκκαθαρισμένες [5, 20, 20, 1, 9, 1, 100, 10, 200, 40, 5, 50, 5, 200]
εκλαϊκευμένοι [5, 20, 30, 1, 10, 20, 5, 400, 40, 5, 50, 70, 10]
εκλογικευμένη [5, 20, 30, 70, 3, 10, 20, 5, 400, 40, 5, 50, 8]
ελάτινος [5, 30, 1, 300, 10, 50, 70, 200]
ελληνοπρεπής [5, 30, 30, 8, 50, 70, 80, 100, 5, 80, 8, 200]
εμπαίξου [5, 40, 80, 1, 10, 60, 70, 400]
ενάρετες [5, 50, 1, 100, 5, 300, 5, 200]
ενέχεα [5, 50, 5, 600, 5, 1]
ενοικιασμένες [5, 50, 70, 10, 20, 10, 1, 200, 40, 5, 50, 5, 200]
ενσπείρεσαι [5, 50, 200, 80, 5, 10, 100, 5, 200, 1, 10]
εξήντλησε [5, 60, 8, 50, 300, 30, 8, 200, 5]
εξελεγκτικής [5, 60, 5, 30, 5, 3, 20, 300, 10, 20, 8, 200]
εξευγενίζομαι [5, 60, 5, 400, 3, 5, 50, 10, 7, 70, 40, 1, 10]
εξηλεκτρίζομαι [5, 60, 8, 30, 5, 20, 300, 100, 10, 7, 70, 40, 1, 10]
εξικνούμαι [5, 60, 10, 20, 50, 70, 400, 40, 1, 10]
εξισλαμισμό [5, 60, 10, 200, 30, 1, 40, 10, 200, 40, 70]
εξυμνημένη [5, 60, 400, 40, 50, 8, 40, 5, 50, 8]
επίταξις [5, 80, 10, 300, 1, 60, 10, 200]
επαινείστε [5, 80, 1, 10, 50, 5, 10, 200, 300, 5]
επαινούν [5, 80, 1, 10, 50, 70, 400, 50]
επανάκτησα [5, 80, 1, 50, 1, 20, 300, 8, 200, 1]
επαναθέτεις [5, 80, 1, 50, 1, 9, 5, 300, 5, 10, 200]
επαναπροσλάβαμε [5, 80, 1, 50, 1, 80, 100, 70, 200, 30, 1, 2, 1, 40, 5]
επανατεθείς [5, 80, 1, 50, 1, 300, 5, 9, 5, 10, 200]
επαύριο [5, 80, 1, 400, 100, 10, 70]
επεκτάσιμε [5, 80, 5, 20, 300, 1, 200, 10, 40, 5]
επικαλείστε [5, 80, 10, 20, 1, 30, 5, 10, 200, 300, 5]
επικαλεστεί [5, 80, 10, 20, 1, 30, 5, 200, 300, 5, 10]
επικεφαλίδα [5, 80, 10, 20, 5, 500, 1, 30, 10, 4, 1]
επιμελητήριο [5, 80, 10, 40, 5, 30, 8, 300, 8, 100, 10, 70]
επιμελητήριό [5, 80, 10, 40, 5, 30, 8, 300, 8, 100, 10, 70]
επιμηκυμένη [5, 80, 10, 40, 8, 20, 400, 40, 5, 50, 8]
επταμελές [5, 80, 300, 1, 40, 5, 30, 5, 200]
ερανισμένες [5, 100, 1, 50, 10, 200, 40, 5, 50, 5, 200]
ερημικότερη [5, 100, 8, 40, 10, 20, 70, 300, 5, 100, 8]
ευπορία [5, 400, 80, 70, 100, 10, 1]
εφήμερη [5, 500, 8, 40, 5, 100, 8]
ζεματισμένη [7, 5, 40, 1, 300, 10, 200, 40, 5, 50, 8]
ζηλαδέρφια [7, 8, 30, 1, 4, 5, 100, 500, 10, 1]
ζηλεύεσαι [7, 8, 30, 5, 400, 5, 200, 1, 10]
ζημιάρικου [7, 8, 40, 10, 1, 100, 10, 20, 70, 400]
ζητηθήκατε [7, 8, 300, 8, 9, 8, 20, 1, 300, 5]
ζουπιγμένα [7, 70, 400, 80, 10, 3, 40, 5, 50, 1]
ζυγίσαμε [7, 400, 3, 10, 200, 1, 40, 5]
ηλιόσκονης [8, 30, 10, 70, 200, 20, 70, 50, 8, 200]
ηλιόφιλη [8, 30, 10, 70, 500, 10, 30, 8]
ημέτερης [8, 40, 5, 300, 5, 100, 8, 200]
ηρεμήστε [8, 100, 5, 40, 8, 200, 300, 5]
θάρρευαν [9, 1, 100, 100, 5, 400, 1, 50]
θαυμάσει [9, 1, 400, 40, 1, 200, 5, 10]
θαυμάσιε [9, 1, 400, 40, 1, 200, 10, 5]
θερίσματα [9, 5, 100, 10, 200, 40, 1, 300, 1]
θερμοπαρακάλαγες [9, 5, 100, 40, 70, 80, 1, 100, 1, 20, 1, 30, 1, 3, 5, 200]
θροΐζου [9, 100, 70, 10, 7, 70, 400]
ιδιόβουλο [10, 4, 10, 70, 2, 70, 400, 30, 70]
ιεροπρέπειας [10, 5, 100, 70, 80, 100, 5, 80, 5, 10, 1, 200]
ισπανομαθές [10, 200, 80, 1, 50, 70, 40, 1, 9, 5, 200]
ιταλομαθές [10, 300, 1, 30, 70, 40, 1, 9, 5, 200]
καθαρτικές [20, 1, 9, 1, 100, 300, 10, 20, 5, 200]
καθετηρίαζες [20, 1, 9, 5, 300, 8, 100, 10, 1, 7, 5, 200]
καθιζήματος [20, 1, 9, 10, 7, 8, 40, 1, 300, 70, 200]
καινούριε [20, 1, 10, 50, 70, 400, 100, 10, 5]
καιόμενου [20, 1, 10, 70, 40, 5, 50, 70, 400]
κακότροπε [20, 1, 20, 70, 300, 100, 70, 80, 5]
καλαθοπλεκτικό [20, 1, 30, 1, 9, 70, 80, 30, 5, 20, 300, 10, 20, 70]
καλακούγομαι [20, 1, 30, 1, 20, 70, 400, 3, 70, 40, 1, 10]
καλησπέριζες [20, 1, 30, 8, 200, 80, 5, 100, 10, 7, 5, 200]
καλοθυμήθηκαν [20, 1, 30, 70, 9, 400, 40, 8, 9, 8, 20, 1, 50]
καλοθυμηθήκαν [20, 1, 30, 70, 9, 400, 40, 8, 9, 8, 20, 1, 50]
καλοκαθίστε [20, 1, 30, 70, 20, 1, 9, 10, 200, 300, 5]
καλοπερνάγατε [20, 1, 30, 70, 80, 5, 100, 50, 1, 3, 1, 300, 5]
καλυμμένοι [20, 1, 30, 400, 40, 40, 5, 50, 70, 10]
καμακιστήκαμε [20, 1, 40, 1, 20, 10, 200, 300, 8, 20, 1, 40, 5]
καπελίνου [20, 1, 80, 5, 30, 10, 50, 70, 400]
καπνίστε [20, 1, 80, 50, 10, 200, 300, 5]
καπνιστέ [20, 1, 80, 50, 10, 200, 300, 5]
καραγκούνα [20, 1, 100, 1, 3, 20, 70, 400, 50, 1]
καρβούνιαζε [20, 1, 100, 2, 70, 400, 50, 10, 1, 7, 5]
καταγγελμένης [20, 1, 300, 1, 3, 3, 5, 30, 40, 5, 50, 8, 200]
καταγελάτε [20, 1, 300, 1, 3, 5, 30, 1, 300, 5]
κατακολάζεσαι [20, 1, 300, 1, 20, 70, 30, 1, 7, 5, 200, 1, 10]
καταξηραμένοι [20, 1, 300, 1, 60, 8, 100, 1, 40, 5, 50, 70, 10]
καταπέμεσθε [20, 1, 300, 1, 80, 5, 40, 5, 200, 9, 5]
κατασκάβομαι [20, 1, 300, 1, 200, 20, 1, 2, 70, 40, 1, 10]
καυσαλγία [20, 1, 400, 200, 1, 30, 3, 10, 1]
κεραμικού [20, 5, 100, 1, 40, 10, 20, 70, 400]
κεραμοποιός [20, 5, 100, 1, 40, 70, 80, 70, 10, 70, 200]
κεραύνιοι [20, 5, 100, 1, 400, 50, 10, 70, 10]
κερδίζουν [20, 5, 100, 4, 10, 7, 70, 400, 50]
κερδηθούν [20, 5, 100, 4, 8, 9, 70, 400, 50]
κεφαλικοί [20, 5, 500, 1, 30, 10, 20, 70, 10]
κιμπατζής [20, 10, 40, 80, 1, 300, 7, 8, 200]
κλείστρα [20, 30, 5, 10, 200, 300, 100, 1]
κλοτσάμε [20, 30, 70, 300, 200, 1, 40, 5]
κλοτσήθηκα [20, 30, 70, 300, 200, 8, 9, 8, 20, 1]
κοάξουμε [20, 70, 1, 60, 70, 400, 40, 5]
κοίταξες [20, 70, 10, 300, 1, 60, 5, 200]
κολλάρισες [20, 70, 30, 30, 1, 100, 10, 200, 5, 200]
κολλητής [20, 70, 30, 30, 8, 300, 8, 200]
κομπλαρίσομε [20, 70, 40, 80, 30, 1, 100, 10, 200, 70, 40, 5]
κοπιαρισμένοι [20, 70, 80, 10, 1, 100, 10, 200, 40, 5, 50, 70, 10]
κρεμασμένες [20, 100, 5, 40, 1, 200, 40, 5, 50, 5, 200]
κρημνίζονται [20, 100, 8, 40, 50, 10, 7, 70, 50, 300, 1, 10]
κρητικής [20, 100, 8, 300, 10, 20, 8, 200]
κτητική [20, 300, 8, 300, 10, 20, 8]
κτιριακές [20, 300, 10, 100, 10, 1, 20, 5, 200]
λάμπουμε [30, 1, 40, 80, 70, 400, 40, 5]
λήγοντες [30, 8, 3, 70, 50, 300, 5, 200]
λαμπυρίδα [30, 1, 40, 80, 400, 100, 10, 4, 1]
λερναίου [30, 5, 100, 50, 1, 10, 70, 400]
λιανισμένος [30, 10, 1, 50, 10, 200, 40, 5, 50, 70, 200]
λουόμενα [30, 70, 400, 70, 40, 5, 50, 1]
λυγίζεσαι [30, 400, 3, 10, 7, 5, 200, 1, 10]
μακελεμένου [40, 1, 20, 5, 30, 5, 40, 5, 50, 70, 400]
μακρουλέ [40, 1, 20, 100, 70, 400, 30, 5]
μαλαματοκαπνίζει [40, 1, 30, 1, 40, 1, 300, 70, 20, 1, 80, 50, 10, 7, 5, 10]
μαλαμοκαπνίζεται [40, 1, 30, 1, 40, 70, 20, 1, 80, 50, 10, 7, 5, 300, 1, 10]
μανθάνουμε [40, 1, 50, 9, 1, 50, 70, 400, 40, 5]
μανισμένος [40, 1, 50, 10, 200, 40, 5, 50, 70, 200]
μαραζιάσατε [40, 1, 100, 1, 7, 10, 1, 200, 1, 300, 5]
μαραθούμε [40, 1, 100, 1, 9, 70, 400, 40, 5]
μαργαριτάρι [40, 1, 100, 3, 1, 100, 10, 300, 1, 100, 10]
μαφιόζικη [40, 1, 500, 10, 70, 7, 10, 20, 8]
μεγαλοπραγμονημένο [40, 5, 3, 1, 30, 70, 80, 100, 1, 3, 40, 70, 50, 8, 40, 5, 50, 70]
μελαιναθούν [40, 5, 30, 1, 10, 50, 1, 9, 70, 400, 50]
μελισσολόια [40, 5, 30, 10, 200, 200, 70, 30, 70, 10, 1]
μελιταίος [40, 5, 30, 10, 300, 1, 10, 70, 200]
μερακλού [40, 5, 100, 1, 20, 30, 70, 400]
μεριάσετε [40, 5, 100, 10, 1, 200, 5, 300, 5]
μεσίτρια [40, 5, 200, 10, 300, 100, 10, 1]
μετέπλασε [40, 5, 300, 5, 80, 30, 1, 200, 5]
μεταπείθεσαι [40, 5, 300, 1, 80, 5, 10, 9, 5, 200, 1, 10]
μικρέμπορας [40, 10, 20, 100, 5, 40, 80, 70, 100, 1, 200]
μικρολογήσομε [40, 10, 20, 100, 70, 30, 70, 3, 8, 200, 70, 40, 5]
μικρύναμε [40, 10, 20, 100, 400, 50, 1, 40, 5]
μισοκάθεται [40, 10, 200, 70, 20, 1, 9, 5, 300, 1, 10]
μολεύομαι [40, 70, 30, 5, 400, 70, 40, 1, 10]
μονάστε [40, 70, 50, 1, 200, 300, 5]
μονιμοποιείσαι [40, 70, 50, 10, 40, 70, 80, 70, 10, 5, 10, 200, 1, 10]
μονοκοπανιές [40, 70, 50, 70, 20, 70, 80, 1, 50, 10, 5, 200]
μονόπαντε [40, 70, 50, 70, 80, 1, 50, 300, 5]
μπλαβισμένης [40, 80, 30, 1, 2, 10, 200, 40, 5, 50, 8, 200]
μυείσαι [40, 400, 5, 10, 200, 1, 10]
ναρκοθετημένη [50, 1, 100, 20, 70, 9, 5, 300, 8, 40, 5, 50, 8]
νεκρογέννητε [50, 5, 20, 100, 70, 3, 5, 50, 50, 8, 300, 5]
νεκροτομία [50, 5, 20, 100, 70, 300, 70, 40, 10, 1]
νεφριά [50, 5, 500, 100, 10, 1]
νεόβγαλτες [50, 5, 70, 2, 3, 1, 30, 300, 5, 200]
νηνεμήστε [50, 8, 50, 5, 40, 8, 200, 300, 5]
νιόπαντρε [50, 10, 70, 80, 1, 50, 300, 100, 5]
νοητικής [50, 70, 8, 300, 10, 20, 8, 200]
νοικιάστε [50, 70, 10, 20, 10, 1, 200, 300, 5]
νομιμοποιείσαι [50, 70, 40, 10, 40, 70, 80, 70, 10, 5, 10, 200, 1, 10]
νούμερά [50, 70, 400, 40, 5, 100, 1]
νούμερα [50, 70, 400, 40, 5, 100, 1]
ντελαλήθηκες [50, 300, 5, 30, 1, 30, 8, 9, 8, 20, 5, 200]
ξέστρα [60, 5, 200, 300, 100, 1]
ξανάβαφαν [60, 1, 50, 1, 2, 1, 500, 1, 50]
ξαναγελαστεί [60, 1, 50, 1, 3, 5, 30, 1, 200, 300, 5, 10]
ξαναγοραζόμενης [60, 1, 50, 1, 3, 70, 100, 1, 7, 70, 40, 5, 50, 8, 200]
ξαναγυρνά [60, 1, 50, 1, 3, 400, 100, 50, 1]
ξαναγύρνα [60, 1, 50, 1, 3, 400, 100, 50, 1]
ξαναετοιμάζομαι [60, 1, 50, 1, 5, 300, 70, 10, 40, 1, 7, 70, 40, 1, 10]
ξανακερδίσεις [60, 1, 50, 1, 20, 5, 100, 4, 10, 200, 5, 10, 200]
ξαναμπολιάζεται [60, 1, 50, 1, 40, 80, 70, 30, 10, 1, 7, 5, 300, 1, 10]
ξανανοιγόταν [60, 1, 50, 1, 50, 70, 10, 3, 70, 300, 1, 50]
ξανεμισμένες [60, 1, 50, 5, 40, 10, 200, 40, 5, 50, 5, 200]
ξασπρίσει [60, 1, 200, 80, 100, 10, 200, 5, 10]
ξεβγαλμένου [60, 5, 2, 3, 1, 30, 40, 5, 50, 70, 400]
ξεκάθαρου [60, 5, 20, 1, 9, 1, 100, 70, 400]
ξεκρινόταν [60, 5, 20, 100, 10, 50, 70, 300, 1, 50]
ξελύνομαι [60, 5, 30, 400, 50, 70, 40, 1, 10]
ξενοκρατάγανε [60, 5, 50, 70, 20, 100, 1, 300, 1, 3, 1, 50, 5]
ξενοπλένεται [60, 5, 50, 70, 80, 30, 5, 50, 5, 300, 1, 10]
ξεπαγιάσατε [60, 5, 80, 1, 3, 10, 1, 200, 1, 300, 5]
ξεπεράσεις [60, 5, 80, 5, 100, 1, 200, 5, 10, 200]
ξεπιάσετε [60, 5, 80, 10, 1, 200, 5, 300, 5]
ξεπλατιζόμενη [60, 5, 80, 30, 1, 300, 10, 7, 70, 40, 5, 50, 8]
ξερασμένες [60, 5, 100, 1, 200, 40, 5, 50, 5, 200]
ξεσκόνισαν [60, 5, 200, 20, 70, 50, 10, 200, 1, 50]
ξεστηθήκανε [60, 5, 200, 300, 8, 9, 8, 20, 1, 50, 5]
ξετρελαμένο [60, 5, 300, 100, 5, 30, 1, 40, 5, 50, 70]
ξιπαστεί [60, 10, 80, 1, 200, 300, 5, 10]
ξομπλιασμένοι [60, 70, 40, 80, 30, 10, 1, 200, 40, 5, 50, 70, 10]
ογκούμενη [70, 3, 20, 70, 400, 40, 5, 50, 8]
οκνεύομαι [70, 20, 50, 5, 400, 70, 40, 1, 10]
ομαλιστεί [70, 40, 1, 30, 10, 200, 300, 5, 10]
ομιλητής [70, 40, 10, 30, 8, 300, 8, 200]
ομοιότερα [70, 40, 70, 10, 70, 300, 5, 100, 1]
ομοκεντρία [70, 40, 70, 20, 5, 50, 300, 100, 10, 1]
ονειδίζεστε [70, 50, 5, 10, 4, 10, 7, 5, 200, 300, 5]
οξυμμένα [70, 60, 400, 40, 40, 5, 50, 1]
οργανοταξία [70, 100, 3, 1, 50, 70, 300, 1, 60, 10, 1]
πάλλουνε [80, 1, 30, 30, 70, 400, 50, 5]
πάπυρε [80, 1, 80, 400, 100, 5]
πέτασοι [80, 5, 300, 1, 200, 70, 10]
παίδαρου [80, 1, 10, 4, 1, 100, 70, 400]
παίξουμε [80, 1, 10, 60, 70, 400, 40, 5]
παθαίνουμε [80, 1, 9, 1, 10, 50, 70, 400, 40, 5]
παθιασμένος [80, 1, 9, 10, 1, 200, 40, 5, 50, 70, 200]
παλιότερο [80, 1, 30, 10, 70, 300, 5, 100, 70]
πανσπερμικοί [80, 1, 50, 200, 80, 5, 100, 40, 10, 20, 70, 10]
παπαγάλου [80, 1, 80, 1, 3, 1, 30, 70, 400]
παράδοσις [80, 1, 100, 1, 4, 70, 200, 10, 200]
παράσπονδοι [80, 1, 100, 1, 200, 80, 70, 50, 4, 70, 10]
παραβαίνοντα [80, 1, 100, 1, 2, 1, 10, 50, 70, 50, 300, 1]
παραβαλλόταν [80, 1, 100, 1, 2, 1, 30, 30, 70, 300, 1, 50]
παραγερασμένοι [80, 1, 100, 1, 3, 5, 100, 1, 200, 40, 5, 50, 70, 10]
παραγερνιέται [80, 1, 100, 1, 3, 5, 100, 50, 10, 5, 300, 1, 10]
παραγινόταν [80, 1, 100, 1, 3, 10, 50, 70, 300, 1, 50]
παραθερμαθείτε [80, 1, 100, 1, 9, 5, 100, 40, 1, 9, 5, 10, 300, 5]
παρακαπνίζεται [80, 1, 100, 1, 20, 1, 80, 50, 10, 7, 5, 300, 1, 10]
παρακλαδευθεί [80, 1, 100, 1, 20, 30, 1, 4, 5, 400, 9, 5, 10]
παραληρητική [80, 1, 100, 1, 30, 8, 100, 8, 300, 10, 20, 8]
παρανομιάζατε [80, 1, 100, 1, 50, 70, 40, 10, 1, 7, 1, 300, 5]
παροικείτο [80, 1, 100, 70, 10, 20, 5, 10, 300, 70]
πασπαλισθέν [80, 1, 200, 80, 1, 30, 10, 200, 9, 5, 50]
πεζοπορήσαμε [80, 5, 7, 70, 80, 70, 100, 8, 200, 1, 40, 5]
πεντάκις [80, 5, 50, 300, 1, 20, 10, 200]
περιέτρεξα [80, 5, 100, 10, 5, 300, 100, 5, 60, 1]
περιαδράξτε [80, 5, 100, 10, 1, 4, 100, 1, 60, 300, 5]
περιπαιζόμενης [80, 5, 100, 10, 80, 1, 10, 7, 70, 40, 5, 50, 8, 200]
περιπλανάγατε [80, 5, 100, 10, 80, 30, 1, 50, 1, 3, 1, 300, 5]
περιποιημένης [80, 5, 100, 10, 80, 70, 10, 8, 40, 5, 50, 8, 200]
περνιόταν [80, 5, 100, 50, 10, 70, 300, 1, 50]
πετροβόλαγε [80, 5, 300, 100, 70, 2, 70, 30, 1, 3, 5]
πιάνουνε [80, 10, 1, 50, 70, 400, 50, 5]
πιεζοηλεκτρικά [80, 10, 5, 7, 70, 8, 30, 5, 20, 300, 100, 10, 20, 1]
πιθηκίστηκα [80, 10, 9, 8, 20, 10, 200, 300, 8, 20, 1]
πιθηκισθείτε [80, 10, 9, 8, 20, 10, 200, 9, 5, 10, 300, 5]
πικροκάρδισαν [80, 10, 20, 100, 70, 20, 1, 100, 4, 10, 200, 1, 50]
πιλαλούμε [80, 10, 30, 1, 30, 70, 400, 40, 5]
πλατάγισμα [80, 30, 1, 300, 1, 3, 10, 200, 40, 1]
ποζάτης [80, 70, 7, 1, 300, 8, 200]
πολυαγάπα [80, 70, 30, 400, 1, 3, 1, 80, 1]
πολυαγαπά [80, 70, 30, 400, 1, 3, 1, 80, 1]
πολυκλαδικά [80, 70, 30, 400, 20, 30, 1, 4, 10, 20, 1]
πορσελάνινο [80, 70, 100, 200, 5, 30, 1, 50, 10, 50, 70]
πρήζονταν [80, 100, 8, 7, 70, 50, 300, 1, 50]
πρασινίσει [80, 100, 1, 200, 10, 50, 10, 200, 5, 10]
προβαρισμένη [80, 100, 70, 2, 1, 100, 10, 200, 40, 5, 50, 8]
προβληματικέ [80, 100, 70, 2, 30, 8, 40, 1, 300, 10, 20, 5]
προεικαζόμενης [80, 100, 70, 5, 10, 20, 1, 7, 70, 40, 5, 50, 8, 200]
προεικόνισαν [80, 100, 70, 5, 10, 20, 70, 50, 10, 200, 1, 50]
προλειαίνετε [80, 100, 70, 30, 5, 10, 1, 10, 50, 5, 300, 5]
προλογισμένη [80, 100, 70, 30, 70, 3, 10, 200, 40, 5, 50, 8]
προπόνησή [80, 100, 70, 80, 70, 50, 8, 200, 8]
προπόνηση [80, 100, 70, 80, 70, 50, 8, 200, 8]
προσήγες [80, 100, 70, 200, 8, 3, 5, 200]
προσδιορίζει [80, 100, 70, 200, 4, 10, 70, 100, 10, 7, 5, 10]
προσηγορικέ [80, 100, 70, 200, 8, 3, 70, 100, 10, 20, 5]
προσκολλιέμαι [80, 100, 70, 200, 20, 70, 30, 30, 10, 5, 40, 1, 10]
πρόρρηση [80, 100, 70, 100, 100, 8, 200, 8]
πρότειναν [80, 100, 70, 300, 5, 10, 50, 1, 50]
πυράκανθε [80, 400, 100, 1, 20, 1, 50, 9, 5]
πυραμιδικά [80, 400, 100, 1, 40, 10, 4, 10, 20, 1]
ράνουμε [100, 1, 50, 70, 400, 40, 5]
ράντισε [100, 1, 50, 300, 10, 200, 5]
ραγισματιά [100, 1, 3, 10, 200, 40, 1, 300, 10, 1]
ραντιέρικο [100, 1, 50, 300, 10, 5, 100, 10, 20, 70]
ραφινέ [100, 1, 500, 10, 50, 5]
ρεμούλκα [100, 5, 40, 70, 400, 30, 20, 1]
ρεμπέλευα [100, 5, 40, 80, 5, 30, 5, 400, 1]
ρετσίνα [100, 5, 300, 200, 10, 50, 1]
ρημάζεστε [100, 8, 40, 1, 7, 5, 200, 300, 5]
ροδοκοκκινίζεις [100, 70, 4, 70, 20, 70, 20, 20, 10, 50, 10, 7, 5, 10, 200]
ροκανίσεις [100, 70, 20, 1, 50, 10, 200, 5, 10, 200]
ρουβίδιο [100, 70, 400, 2, 10, 4, 10, 70]
σαλπίγματα [200, 1, 30, 80, 10, 3, 40, 1, 300, 1]
σαπισμένοι [200, 1, 80, 10, 200, 40, 5, 50, 70, 10]
σβαρνισμένη [200, 2, 1, 100, 50, 10, 200, 40, 5, 50, 8]
σεισμολογική [200, 5, 10, 200, 40, 70, 30, 70, 3, 10, 20, 8]
σελεμιασμένοι [200, 5, 30, 5, 40, 10, 1, 200, 40, 5, 50, 70, 10]
σελιδοδείκτη [200, 5, 30, 10, 4, 70, 4, 5, 10, 20, 300, 8]
σισανές [200, 10, 200, 1, 50, 5, 200]
σκάλισες [200, 20, 1, 30, 10, 200, 5, 200]
σκαπετάγανε [200, 20, 1, 80, 5, 300, 1, 3, 1, 50, 5]
σκασίλες [200, 20, 1, 200, 10, 30, 5, 200]
σκατένιοι [200, 20, 1, 300, 5, 50, 10, 70, 10]
σκολιάτικε [200, 20, 70, 30, 10, 1, 300, 10, 20, 5]
σκοτεινιά [200, 20, 70, 300, 5, 10, 50, 10, 1]
σοροκάδας [200, 70, 100, 70, 20, 1, 4, 1, 200]
σπογγισμένε [200, 80, 70, 3, 3, 10, 200, 40, 5, 50, 5]
σπόριασε [200, 80, 70, 100, 10, 1, 200, 5]
στειλιάρι [200, 300, 5, 10, 30, 10, 1, 100, 10]
στιμάρει [200, 300, 10, 40, 1, 100, 5, 10]
στραβίζαμε [200, 300, 100, 1, 2, 10, 7, 1, 40, 5]
συβάζανε [200, 400, 2, 1, 7, 1, 50, 5]
συνήγαγα [200, 400, 50, 8, 3, 1, 3, 1]
συνήγε [200, 400, 50, 8, 3, 5]
τάξτε [300, 1, 60, 300, 5]
ταμένος [300, 1, 40, 5, 50, 70, 200]
τηκτική [300, 8, 20, 300, 10, 20, 8]
τηλεθεατή [300, 8, 30, 5, 9, 5, 1, 300, 8]
τιμητή [300, 10, 40, 8, 300, 8]
τρέκλισα [300, 100, 5, 20, 30, 10, 200, 1]
τραγάνισα [300, 100, 1, 3, 1, 50, 10, 200, 1]
τρακαδόρο [300, 100, 1, 20, 1, 4, 70, 100, 70]
τσακίρικε [300, 200, 1, 20, 10, 100, 10, 20, 5]
υαλικές [400, 1, 30, 10, 20, 5, 200]
υδρόβιοι [400, 4, 100, 70, 2, 10, 70, 10]
υπέκρινα [400, 80, 5, 20, 100, 10, 50, 1]
υπερνίκα [400, 80, 5, 100, 50, 10, 20, 1]
υπερνικά [400, 80, 5, 100, 50, 10, 20, 1]
υποομάδα [400, 80, 70, 70, 40, 1, 4, 1]
φάκελλοι [500, 1, 20, 5, 30, 30, 70, 10]
φακιρικέ [500, 1, 20, 10, 100, 10, 20, 5]
φαλκιδεμένα [500, 1, 30, 20, 10, 4, 5, 40, 5, 50, 1]
φελόνια [500, 5, 30, 70, 50, 10, 1]
φιλόκαλε [500, 10, 30, 70, 20, 1, 30, 5]
φλογίζαμε [500, 30, 70, 3, 10, 7, 1, 40, 5]
φράξε [500, 100, 1, 60, 5]
χάνει [600, 1, 50, 5, 10]
χιμάει [600, 10, 40, 1, 5, 10]
όπτηση [70, 80, 300, 8, 200, 8]
όφειλαν [70, 500, 5, 10, 30, 1, 50]
ύαινες [400, 1, 10, 50, 5, 200]
