αγόμασταν [1, 3, 70, 40, 1, 200, 300, 1, 50]
αδείπνητης [1, 4, 5, 10, 80, 50, 8, 300, 8, 200]
ακονιστεί [1, 20, 70, 50, 10, 200, 300, 5, 10]
ακριτικές [1, 20, 100, 10, 300, 10, 20, 5, 200]
ακρότερο [1, 20, 100, 70, 300, 5, 100, 70]
αμαθέστερε [1, 40, 1, 9, 5, 200, 300, 5, 100, 5]
αναμασημένος [1, 50, 1, 40, 1, 200, 8, 40, 5, 50, 70, 200]
αντιπαθείς [1, 50, 300, 10, 80, 1, 9, 5, 10, 200]
απαλλαγούν [1, 80, 1, 30, 30, 1, 3, 70, 400, 50]
άπειρου [1, 80, 5, 10, 100, 70, 400]
αποβιβασμένες [1, 80, 70, 2, 10, 2, 1, 200, 40, 5, 50, 5, 200]
απόδρασις [1, 80, 70, 4, 100, 1, 200, 10, 200]
αποθυμιέμαι [1, 80, 70, 9, 400, 40, 10, 5, 40, 1, 10]
αποκαϊδιού [1, 80, 70, 20, 1, 10, 4, 10, 70, 400]
αποκομισμένοι [1, 80, 70, 20, 70, 40, 10, 200, 40, 5, 50, 70, 10]
άρμενου [1, 100, 40, 5, 50, 70, 400]
ατοπίες [1, 300, 70, 80, 10, 5, 200]
βαρελιάζεστε [2, 1, 100, 5, 30, 10, 1, 7, 5, 200, 300, 5]
βοτανολόγο [2, 70, 300, 1, 50, 70, 30, 70, 3, 70]
Βρετάνης [2, 100, 5, 300, 1, 50, 8, 200]
γιομίστηκε [3, 10, 70, 40, 10, 200, 300, 8, 20, 5]
Γουλανδρή [3, 70, 400, 30, 1, 50, 4, 100, 8]
γυαλάκιας [3, 400, 1, 30, 1, 20, 10, 1, 200]
γυαλίζεις [3, 400, 1, 30, 10, 7, 5, 10, 200]
δασκάλευε [4, 1, 200, 20, 1, 30, 5, 400, 5]
δειγματολόγιον [4, 5, 10, 3, 40, 1, 300, 70, 30, 70, 3, 10, 70, 50]
δημοσιοποιημένα [4, 8, 40, 70, 200, 10, 70, 80, 70, 10, 8, 40, 5, 50, 1]
διακρίνονταν [4, 10, 1, 20, 100, 10, 50, 70, 50, 300, 1, 50]
διύλιζες [4, 10, 400, 30, 10, 7, 5, 200]
δρασκελάτε [4, 100, 1, 200, 20, 5, 30, 1, 300, 5]
εισπνέεται [5, 10, 200, 80, 50, 5, 5, 300, 1, 10]
εκλαϊκευμένοι [5, 20, 30, 1, 10, 20, 5, 400, 40, 5, 50, 70, 10]
εκλογικευμένη [5, 20, 30, 70, 3, 10, 20, 5, 400, 40, 5, 50, 8]
εμπαίξου [5, 40, 80, 1, 10, 60, 70, 400]
ενσπείρεσαι [5, 50, 200, 80, 5, 10, 100, 5, 200, 1, 10]
εξισλαμισμό [5, 60, 10, 200, 30, 1, 40, 10, 200, 40, 70]
έξυσα [5, 60, 400, 200, 1]
επαινούν [5, 80, 1, 10, 50, 70, 400, 50]
επεκτάσιμε [5, 80, 5, 20, 300, 1, 200, 10, 40, 5]
επικαλείστε [5, 80, 10, 20, 1, 30, 5, 10, 200, 300, 5]
επταμελές [5, 80, 300, 1, 40, 5, 30, 5, 200]
ζουπιγμένα [7, 70, 400, 80, 10, 3, 40, 5, 50, 1]
ζυγίσαμε [7, 400, 3, 10, 200, 1, 40, 5]
ηρεμήστε [8, 100, 5, 40, 8, 200, 300, 5]
θαυμάσει [9, 1, 400, 40, 1, 200, 5, 10]
Θεοδότης [9, 5, 70, 4, 70, 300, 8, 200]
Ιαπετός [10, 1, 80, 5, 300, 70, 200]
ισπανομαθές [10, 200, 80, 1, 50, 70, 40, 1, 9, 5, 200]
καινούριε [20, 1, 10, 50, 70, 400, 100, 10, 5]
κακότροπε [20, 1, 20, 70, 300, 100, 70, 80, 5]
καραγκούνα [20, 1, 100, 1, 3, 20, 70, 400, 50, 1]
κιμπατζής [20, 10, 40, 80, 1, 300, 7, 8, 200]
κλείστρα [20, 30, 5, 10, 200, 300, 100, 1]
κλοτσήθηκα [20, 30, 70, 300, 200, 8, 9, 8, 20, 1]
Κοζανίτης [20, 70, 7, 1, 50, 10, 300, 8, 200]
κολλητής [20, 70, 30, 30, 8, 300, 8, 200]
κρεμασμένες [20, 100, 5, 40, 1, 200, 40, 5, 50, 5, 200]
κρημνίζονται [20, 100, 8, 40, 50, 10, 7, 70, 50, 300, 1, 10]
Κρητικής [20, 100, 8, 300, 10, 20, 8, 200]
κτητική [20, 300, 8, 300, 10, 20, 8]
κτιριακές [20, 300, 10, 100, 10, 1, 20, 5, 200]
Κυπριανέ [20, 400, 80, 100, 10, 1, 50, 5]
λαμπυρίδα [30, 1, 40, 80, 400, 100, 10, 4, 1]
λουόμενα [30, 70, 400, 70, 40, 5, 50, 1]
λυγίζεσαι [30, 400, 3, 10, 7, 5, 200, 1, 10]
μακελεμένου [40, 1, 20, 5, 30, 5, 40, 5, 50, 70, 400]
μανισμένος [40, 1, 50, 10, 200, 40, 5, 50, 70, 200]
μαραθούμε [40, 1, 100, 1, 9, 70, 400, 40, 5]
μελιταίος [40, 5, 30, 10, 300, 1, 10, 70, 200]
μεταπείθεσαι [40, 5, 300, 1, 80, 5, 10, 9, 5, 200, 1, 10]
μισοκάθεται [40, 10, 200, 70, 20, 1, 9, 5, 300, 1, 10]
Μπασμέτ [40, 80, 1, 200, 40, 5, 300]
μυείσαι [40, 400, 5, 10, 200, 1, 10]
ναρκοθετημένη [50, 1, 100, 20, 70, 9, 5, 300, 8, 40, 5, 50, 8]
νεκροτομία [50, 5, 20, 100, 70, 300, 70, 40, 10, 1]
νιόπαντρε [50, 10, 70, 80, 1, 50, 300, 100, 5]
νοητικής [50, 70, 8, 300, 10, 20, 8, 200]
νούμερά [50, 70, 400, 40, 5, 100, 1]
ξαναγυρνά [60, 1, 50, 1, 3, 400, 100, 50, 1]
ξανακερδίσεις [60, 1, 50, 1, 20, 5, 100, 4, 10, 200, 5, 10, 200]
ξαναμπολιάζεται [60, 1, 50, 1, 40, 80, 70, 30, 10, 1, 7, 5, 300, 1, 10]
ξανεμισμένες [60, 1, 50, 5, 40, 10, 200, 40, 5, 50, 5, 200]
ογκούμενη [70, 3, 20, 70, 400, 40, 5, 50, 8]
ομοκεντρία [70, 40, 70, 20, 5, 50, 300, 100, 10, 1]
όφειλαν [70, 500, 5, 10, 30, 1, 50]
παθαίνουμε [80, 1, 9, 1, 10, 50, 70, 400, 40, 5]
πανσπερμικοί [80, 1, 50, 200, 80, 5, 100, 40, 10, 20, 70, 10]
παπαγάλου [80, 1, 80, 1, 3, 1, 30, 70, 400]
παραληρητική [80, 1, 100, 1, 30, 8, 100, 8, 300, 10, 20, 8]
παράσπονδοι [80, 1, 100, 1, 200, 80, 70, 50, 4, 70, 10]
πετροβόλαγε [80, 5, 300, 100, 70, 2, 70, 30, 1, 3, 5]
πιεζοηλεκτρικά [80, 10, 5, 7, 70, 8, 30, 5, 20, 300, 100, 10, 20, 1]
ποζάτης [80, 70, 7, 1, 300, 8, 200]
πολυκλαδικά [80, 70, 30, 400, 20, 30, 1, 4, 10, 20, 1]
Πολυμήλη [80, 70, 30, 400, 40, 8, 30, 8]
Πρετόρια [80, 100, 5, 300, 70, 100, 10, 1]
προβληματικέ [80, 100, 70, 2, 30, 8, 40, 1, 300, 10, 20, 5]
προλογισμένη [80, 100, 70, 30, 70, 3, 10, 200, 40, 5, 50, 8]
προσδιορίζει [80, 100, 70, 200, 4, 10, 70, 100, 10, 7, 5, 10]
προσηγορικέ [80, 100, 70, 200, 8, 3, 70, 100, 10, 20, 5]
ραφινέ [100, 1, 500, 10, 50, 5]
ρεμούλκα [100, 5, 40, 70, 400, 30, 20, 1]
ρημάζεστε [100, 8, 40, 1, 7, 5, 200, 300, 5]
σκατένιοι [200, 20, 1, 300, 5, 50, 10, 70, 10]
σκολιάτικε [200, 20, 70, 30, 10, 1, 300, 10, 20, 5]
σπόριασε [200, 80, 70, 100, 10, 1, 200, 5]
συνήγε [200, 400, 50, 8, 3, 5]
Ταϊλανδός [300, 1, 10, 30, 1, 50, 4, 70, 200]
τιμητή [300, 10, 40, 8, 300, 8]
υαλικές [400, 1, 30, 10, 20, 5, 200]
υπερνίκα [400, 80, 5, 100, 50, 10, 20, 1]
φάκελλοι [500, 1, 20, 5, 30, 30, 70, 10]
φλογίζαμε [500, 30, 70, 3, 10, 7, 1, 40, 5]
φράξε [500, 100, 1, 60, 5]
